noise_1KHz=[
356,
357,
358,
356,
352,
350,
350,
349,
350,
351,
352,
352,
351,
335,
335,
335,
335,
337,
338,
337,
337,
338,
339,
340,
340,
341,
342,
342,
338,
335,
334,
334,
334,
335,
336,
337,
336,
336,
337,
338,
339,
339,
340,
341,
340,
336,
334,
333,
333,
333,
334,
336,
336,
335,
336,
337,
338,
338,
338,
339,
340,
338,
334,
333,
332,
332,
333,
334,
335,
334,
334,
335,
336,
337,
337,
338,
339,
339,
335,
332,
332,
331,
331,
332,
333,
334,
333,
333,
335,
336,
336,
336,
337,
338,
337,
333,
331,
358,
359,
355,
352,
351,
351,
351,
352,
353,
354,
353,
353,
354,
355,
356,
356,
357,
358,
357,
352,
351,
350,
350,
350,
351,
352,
352,
351,
352,
353,
354,
354,
355,
356,
356,
354,
350,
349,
348,
348,
349,
350,
351,
350,
350,
351,
352,
353,
353,
354,
355,
355,
351,
348,
347,
347,
347,
348,
349,
350,
349,
349,
350,
351,
352,
352,
353,
353,
352,
348,
347,
346,
345,
346,
347,
348,
348,
347,
348,
349,
350,
350,
351,
352,
352,
350,
346,
345,
344,
344,
345,
346,
347,
347,
346,
347,
349,
349,
349,
350,
351,
351,
347,
344,
344,
343,
343,
344,
345,
346,
345,
345,
353,
354,
355,
355,
356,
357,
357,
353,
350,
349,
349,
349,
350,
351,
352,
351,
351,
352,
353,
354,
354,
355,
356,
355,
351,
349,
348,
348,
348,
349,
350,
350,
349,
350,
351,
352,
352,
353,
354,
354,
352,
348,
347,
346,
346,
346,
348,
349,
348,
348,
349,
350,
351,
351,
352,
353,
353,
349,
346,
345,
345,
345,
346,
347,
348,
347,
347,
348,
336,
336,
335,
336,
338,
339,
339,
339,
340,
341,
339,
335,
334,
333,
333,
333,
335,
336,
335,
335,
336,
337,
338,
338,
339,
340,
340,
336,
333,
332,
332,
332,
333,
334,
335,
334,
334,
335,
336,
337,
337,
353,
354,
355,
356,
356,
357,
358,
358,
354,
351,
350,
350,
350,
351,
352,
353,
352,
352,
353,
354,
355,
355,
356,
357,
356,
351,
350,
349,
349,
349,
350,
351,
351,
350,
351,
352,
353,
353,
354,
355,
355,
353,
349,
348,
347,
347,
347,
349,
350,
349,
349,
350,
351,
352,
352,
353,
354,
354,
350,
347,
346,
346,
338,
339,
341,
340,
339,
341,
342,
343,
343,
344,
344,
345,
341,
338,
337,
337,
336,
337,
339,
340,
339,
339,
340,
341,
342,
342,
343,
344,
343,
339,
337,
336,
336,
336,
337,
339,
338,
337,
338,
358,
357,
352,
350,
350,
349,
349,
350,
352,
352,
351,
352,
354,
355,
355,
355,
356,
356,
354,
350,
349,
348,
348,
348,
350,
351,
350,
350,
351,
353,
354,
354,
354,
355,
355,
351,
348,
347,
347,
346,
347,
349,
350,
349,
349,
351,
352,
353,
352,
353,
354,
353,
348,
346,
345,
345,
345,
346,
348,
348,
347,
348,
350,
351,
351,
351,
352,
352,
350,
346,
345,
344,
344,
344,
346,
347,
347,
346,
348,
349,
350,
350,
350,
351,
351,
347,
344,
343,
343,
342,
343,
345,
346,
345,
345,
347,
348,
349,
348,
349,
350,
349,
345,
343,
342,
341,
341,
343,
344,
344,
344,
345,
346,
347,
348,
348,
348,
349,
347,
342,
341,
341,
340,
341,
342,
344,
343,
343,
344,
346,
347,
]

noise_100Hz=[
358,
353,
352,
351,
351,
351,
353,
354,
353,
353,
355,
357,
358,
358,
358,
359,
360,
355,
351,
350,
350,
349,
350,
352,
353,
352,
353,
354,
356,
357,
356,
357,
358,
357,
352,
350,
349,
348,
348,
350,
351,
351,
350,
352,
354,
355,
355,
355,
356,
357,
354,
349,
348,
347,
347,
347,
349,
350,
350,
350,
351,
353,
354,
354,
354,
355,
356,
351,
347,
346,
346,
345,
346,
348,
349,
348,
349,
350,
352,
352,
352,
353,
354,
353,
348,
346,
334,
336,
336,
335,
337,
338,
339,
340,
340,
341,
342,
339,
334,
333,
332,
332,
332,
334,
335,
335,
335,
336,
338,
339,
339,
340,
341,
341,
336,
333,
332,
331,
331,
332,
334,
335,
334,
335,
336,
338,
338,
338,
352,
353,
354,
354,
354,
355,
357,
358,
358,
359,
360,
360,
355,
352,
351,
350,
350,
351,
353,
353,
352,
353,
355,
356,
357,
357,
358,
358,
357,
352,
350,
349,
349,
349,
350,
352,
351,
351,
352,
354,
355,
355,
356,
357,
357,
354,
349,
348,
348,
347,
348,
349,
351,
350,
350,
352,
353,
354,
354,
355,
356,
356,
351,
348,
347,
346,
342,
344,
345,
345,
346,
347,
347,
342,
339,
338,
337,
337,
338,
340,
340,
340,
341,
342,
344,
344,
344,
345,
346,
345,
340,
338,
337,
336,
336,
338,
339,
339,
339,
340,
342,
343,
343,
344,
345,
345,
342,
338,
336,
331,
327,
326,
326,
325,
326,
328,
329,
328,
329,
330,
332,
333,
333,
334,
335,
334,
329,
327,
326,
325,
325,
326,
328,
328,
327,
329,
330,
332,
332,
332,
333,
334,
332,
327,
325,
325,
324,
325,
326,
328,
327,
327,
353,
354,
356,
357,
357,
358,
359,
359,
355,
351,
350,
349,
349,
350,
351,
352,
352,
352,
354,
355,
356,
356,
357,
358,
357,
352,
349,
348,
348,
348,
349,
351,
351,
350,
352,
353,
354,
355,
355,
356,
357,
354,
349,
348,
347,
346,
347,
348,
350,
349,
349,
351,
352,
353,
345,
346,
346,
347,
348,
347,
342,
339,
338,
338,
338,
339,
341,
341,
340,
342,
]

extra_noise_100Hz=[
364,
364,
365,
365,
366,
367,
367,
367,
366,
365,
364,
364,
363,
362,
362,
362,
363,
364,
364,
365,
365,
367,
368,
367,
367,
366,
365,
364,
364,
363,
362,
362,
363,
364,
364,
365,
365,
366,
368,
368,
367,
366,
365,
364,
364,
364,
362,
361,
361,
363,
364,
364,
365,
365,
366,
367,
367,
367,
366,
365,
364,
364,
363,
362,
362,
362,
363,
364,
364,
365,
365,
366,
367,
367,
366,
365,
365,
364,
364,
363,
362,
362,
363,
364,
364,
375,
374,
373,
373,
372,
372,
371,
370,
370,
371,
372,
373,
373,
374,
374,
376,
376,
376,
375,
374,
373,
373,
373,
371,
371,
371,
373,
373,
374,
374,
375,
376,
377,
377,
377,
376,
375,
374,
374,
373,
372,
372,
386,
387,
387,
386,
385,
384,
383,
383,
382,
381,
381,
382,
383,
383,
384,
384,
384,
386,
386,
385,
385,
384,
383,
383,
383,
382,
381,
382,
383,
383,
384,
384,
384,
385,
386,
386,
385,
384,
384,
355,
354,
355,
356,
357,
357,
358,
358,
360,
360,
360,
359,
358,
357,
356,
355,
354,
353,
353,
354,
355,
356,
356,
357,
357,
359,
359,
358,
357,
356,
355,
354,
354,
352,
352,
352,
353,
354,
355,
355,
355,
356,
358,
357,
356,
355,
354,
353,
352,
352,
350,
350,
350,
352,
352,
353,
353,
354,
356,
357,
356,
355,
353,
352,
351,
350,
348,
347,
346,
346,
347,
347,
347,
347,
347,
348,
348,
339,
338,
337,
336,
335,
335,
334,
333,
333,
335,
336,
337,
338,
339,
341,
345,
346,
345,
344,
343,
341,
340,
340,
338,
338,
338,
340,
341,
341,
342,
342,
343,
345,
345,
344,
343,
342,
340,
340,
380,
379,
378,
377,
376,
376,
377,
378,
379,
379,
380,
380,
382,
382,
381,
380,
379,
378,
377,
377,
376,
375,
375,
377,
377,
378,
379,
379,
380,
381,
381,
380,
379,
378,
377,
377,
376,
375,
375,
375,
377,
378,
379,
380,
381,
384,
385,
385,
384,
383,
381,
380,
379,
378,
376,
376,
378,
379,
380,
381,
382,
382,
385,
386,
385,
384,
382,
380,
379,
379,
377,
376,
376,
378,
379,
380,
381,
381,
383,
385,
385,
384,
382,
381,
379,
379,
378,
376,
376,
376,
378,
379,
380,
381,
381,
383,
385,
384,
383,
381,
380,
379,
378,
376,
375,
375,
376,
378,
379,
380,
380,
381,
384,
384,
383,
382,
380,
379,
]

ecg_100Hz =[
402,
386,
386,
382,
379,
397,
396,
416,
431,
442,
470,
481,
514,
530,
535,
553,
546,
556,
552,
541,
545,
524,
520,
505,
487,
488,
466,
467,
459,
449,
457,
443,
453,
450,
444,
456,
443,
454,
452,
450,
464,
454,
466,
466,
464,
477,
468,
480,
480,
477,
489,
479,
491,
487,
483,
493,
484,
498,
499,
498,
516,
513,
544,
578,
627,
700,
751,
816,
854,
871,
887,
863,
846,
802,
749,
705,
638,
593,
542,
495,
470,
431,
422,
408,
396,
404,
395,
413,
418,
424,
447,
449,
475,
486,
496,
518,
515,
534,
533,
530,
537,
519,
522,
509,
492,
489,
464,
462,
447,
435,
440,
424,
431,
426,
424,
434,
423,
436,
435,
435,
448,
440,
456,
456,
456,
469,
460,
474,
470,
469,
480,
468,
478,
474,
473,
482,
474,
488,
485,
484,
495,
484,
496,
493,
493,
511,
519,
569,
624,
692,
772,
823,
886,
913,
922,
925,
889,
863,
808,
752,
704,
638,
599,
550,
512,
493,
459,
454,
435,
425,
431,
420,
436,
438,
447,
468,
471,
498,
506,
516,
535,
530,
546,
539,
534,
537,
517,
520,
503,
490,
486,
463,
465,
451,
443,
447,
431,
444,
438,
438,
448,
438,
452,
448,
450,
460,
449,
463,
457,
458,
468,
459,
474,
473,
474,
483,
472,
483,
477,
474,
482,
469,
481,
475,
474,
482,
469,
481,
473,
472,
481,
473,
497,
512,
553,
621,
680,
760,
811,
852,
884,
877,
878,
843,
802,
759,
693,
652,
593,
544,
510,
465,
451,
422,
408,
405,
390,
402,
398,
405,
422,
421,
447,
451,
465,
486,
488,
512,
514,
522,
534,
525,
534,
519,
510,
505,
481,
483,
463,
454,
454,
438,
448,
438,
440,
446,
434,
445,
435,
434,
441,
431,
446,
440,
445,
458,
451,
468,
463,
468,
473,
463,
475,
466,
466,
473,
463,
476,
468,
470,
478,
468,
482,
474,
476,
483,
472,
486,
477,
479,
483,
472,
484,
475,
478,
486,
476,
490,
481,
483,
489,
477,
489,
479,
480,
484,
473,
488,
480,
486,
499,
506,
554,
603,
676,
757,
814,
877,
898,
908,
901,
858,
827,
761,
702,
642,
570,
525,
467,
428,
402,
369,
369,
352,
353,
364,
362,
388,
392,
411,
435,
444,
477,
486,
506,
524,
524,
543,
534,
532,
531,
511,
513,
491,
483,
475,
454,
456,
437,
433,
430,
415,
425,
413,
417,
422,
415,
433,
427,
433,
442,
435,
452,
445,
452,
461,
455,
474,
469,
476,
480,
471,
483,
471,
472,
475,
465,
478,
468,
471,
475,
465,
478,
468,
472,
475,
465,
477,
467,
472,
475,
468,
483,
475,
484,
495,
505,
556,
606,
685,
763,
817,
876,
892,
901,
887,
842,
805,
736,
677,
616,
550,
512,
460,
431,
411,
387,
391,
376,
379,
384,
378,
397,
396,
412,
428,
433,
461,
465,
482,
497,
499,
519,
512,
518,
519,
505,
510,
490,
485,
478,
458,
461,
444,
440,
438,
426,
437,
424,
428,
431,
423,
438,
430,
438,
445,
440,
457,
451,
460,
466,
460,
476,
468,
475,
480,
474,
488,
479,
484,
486,
476,
487,
475,
479,
482,
473,
486,
477,
484,
486,
478,
490,
478,
484,
485,
477,
490,
480,
488,
490,
483,
499,
498,
531,
583,
644,
730,
790,
850,
887,
891,
895,
855,
818,
765,
698,
649,
578,
529,
482,
433,
417,
388,
386,
385,
379,
396,
391,
404,
414,
415,
437,
438,
458,
474,
479,
505,
505,
520,
526,
519,
529,
513,
513,
505,
488,
490,
468,
464,
458,
442,
447,
428,
430,
428,
418,
431,
422,
432,
437,
432,
448,
440,
449,
452,
447,
464,
457,
470,
]

airflow_calibrated_100Hz=[
0.00,
0.00,
0.00,
0.00,
0.00,
0.00,
0.00,
0.00,
0.00,
0.00,
0.00,
0.00,
0.00,
0.00,
0.00,
0.00,
0.00,
0.00,
0.00,
0.00,
0.00,
0.00,
0.00,
0.00,
0.00,
0.00,
0.00,
0.00,
0.00,
0.00,
0.00,
0.00,
0.00,
0.00,
0.00,
0.00,
0.00,
0.00,
0.00,
0.00,
0.00,
0.00,
0.00,
0.00,
0.00,
0.00,
0.00,
0.00,
0.00,
0.00,
0.00,
0.00,
0.00,
0.00,
0.00,
0.00,
0.00,
0.00,
0.00,
0.00,
0.00,
0.00,
0.00,
0.00,
0.00,
0.00,
0.00,
0.00,
0.00,
0.00,
0.00,
0.00,
0.00,
0.00,
0.00,
0.00,
0.00,
0.00,
0.00,
0.00,
0.00,
0.00,
0.00,
0.00,
0.00,
0.00,
0.00,
0.00,
0.00,
0.00,
0.00,
0.00,
0.00,
0.00,
0.00,
0.00,
0.00,
0.00,
0.00,
0.00,
0.00,
0.00,
0.00,
0.00,
0.00,
0.00,
0.00,
0.00,
0.00,
0.00,
0.00,
0.00,
0.00,
0.00,
0.00,
0.00,
0.00,
0.00,
0.00,
0.00,
0.00,
0.00,
0.00,
0.00,
0.00,
0.00,
0.00,
0.00,
0.00,
0.01,
0.04,
0.07,
0.09,
0.11,
0.13,
0.15,
0.17,
0.19,
0.21,
0.23,
0.23,
0.24,
0.25,
0.25,
0.26,
0.27,
0.27,
0.27,
0.29,
0.29,
0.30,
0.29,
0.29,
0.28,
0.26,
0.24,
0.23,
0.22,
0.21,
0.19,
0.18,
0.16,
0.13,
0.10,
0.08,
0.06,
0.05,
0.04,
0.03,
0.02,
0.02,
0.02,
0.02,
0.04,
0.06,
0.07,
0.08,
0.08,
0.08,
0.07,
0.07,
0.06,
0.06,
0.05,
0.05,
0.06,
0.06,
0.07,
0.05,
0.00,
0.00,
0.00,
0.00,
0.00,
0.00,
0.00,
0.00,
0.00,
0.00,
0.00,
0.00,
0.00,
0.00,
0.00,
0.00,
0.00,
0.00,
0.00,
0.00,
0.00,
0.00,
0.00,
0.00,
0.00,
0.00,
0.00,
0.00,
0.00,
0.00,
0.00,
0.00,
0.00,
0.00,
0.00,
0.00,
0.00,
0.00,
0.00,
0.00,
0.00,
0.00,
0.00,
0.00,
0.00,
0.00,
0.00,
0.00,
0.00,
0.00,
0.00,
0.00,
0.00,
0.00,
0.00,
0.00,
0.00,
0.00,
0.00,
0.00,
0.00,
0.00,
0.00,
0.00,
0.00,
0.00,
0.00,
0.00,
0.00,
0.00,
0.00,
0.00,
0.00,
0.00,
0.00,
0.00,
0.00,
0.00,
0.00,
0.00,
0.00,
0.00,
0.00,
0.00,
0.00,
0.00,
0.00,
0.00,
0.00,
0.00,
0.00,
0.00,
0.00,
0.00,
0.00,
0.00,
0.00,
0.00,
0.00,
0.00,
0.00,
0.00,
0.00,
0.00,
0.00,
0.00,
0.00,
0.00,
0.00,
0.00,
0.00,
0.00,
0.00,
0.00,
0.00,
0.00,
0.00,
0.00,
0.00,
0.00,
0.00,
0.00,
0.00,
0.00,
0.00,
0.00,
0.00,
0.00,
0.03,
0.07,
0.10,
0.13,
0.16,
0.19,
0.21,
0.24,
0.26,
0.29,
0.32,
0.33,
0.34,
0.35,
0.36,
0.37,
0.37,
0.37,
0.36,
0.37,
0.37,
0.38,
0.38,
0.36,
0.37,
0.39,
0.39,
0.40,
0.41,
0.42,
0.43,
0.43,
0.43,
0.42,
0.41,
0.41,
0.40,
0.39,
0.37,
0.34,
0.32,
0.31,
0.29,
0.23,
0.12,
0.02,
0.00,
0.00,
0.00,
0.00,
0.00,
0.00,
0.00,
0.00,
0.00,
0.00,
0.00,
0.00,
0.00,
0.00,
0.00,
0.00,
0.00,
0.00,
0.00,
0.00,
0.00,
0.00,
0.00,
0.00,
0.00,
0.00,
0.00,
0.00,
0.00,
0.00,
0.00,
0.00,
0.00,
0.00,
0.00,
0.00,
0.00,
0.00,
0.00,
0.00,
0.00,
0.00,
0.00,
0.00,
0.00,
0.00,
0.00,
0.00,
0.00,
0.00,
0.00,
0.00,
0.00,
0.00,
0.00,
0.00,
0.00,
0.00,
0.00,
0.00,
0.00,
0.00,
0.00,
0.00,
0.00,
0.00,
0.00,
0.00,
0.00,
0.00,
0.00,
0.00,
0.00,
0.00,
0.00,
0.00,
0.00,
0.00,
0.00,
0.00,
0.00,
0.00,
0.00,
0.00,
0.00,
0.00,
0.00,
0.00,
0.00,
0.00,
0.00,
0.00,
0.00,
0.00,
0.00,
0.00,
0.00,
0.00,
0.00,
0.00,
0.00,
0.00,
0.00,
0.00,
0.00,
0.00,
0.00,
0.00,
0.00,
0.00,
0.00,
0.00,
0.00,
0.00,
0.00,
0.00,
0.00,
0.00,
0.00,
0.00,
0.00,
0.00,
0.00,
0.00,
0.00,
0.00,
0.00,
0.00,
0.00,
0.00,
0.00,
0.00,
0.00,
0.00,
0.00,
0.00,
0.00,
0.00,
0.00,
0.00,
0.00,
0.00,
0.00,
0.00,
0.00,
0.00,
0.00,
0.00,
0.03,
0.06,
0.09,
0.11,
0.13,
0.16,
0.17,
0.19,
0.20,
0.20,
0.22,
0.22,
0.23,
0.24,
0.24,
0.26,
0.27,
0.28,
0.29,
0.29,
0.30,
0.31,
0.32,
0.32,
0.34,
0.34,
0.35,
0.35,
0.36,
0.37,
0.38,
0.38,
0.38,
0.38,
0.36,
0.35,
0.35,
0.34,
0.33,
0.31,
0.29,
0.26,
0.24,
0.22,
0.22,
0.20,
0.19,
0.17,
0.16,
0.12,
0.04,
0.00,
0.00,
0.00,
0.00,
0.00,
0.00,
0.00,
0.00,
0.00,
0.00,
0.00,
0.00,
0.00,
0.00,
0.00,
0.00,
0.00,
0.00,
0.00,
0.00,
0.00,
0.00,
0.00,
0.00,
0.00,
0.00,
0.00,
0.00,
0.00,
0.00,
0.00,
0.00,
0.00,
0.00,
0.00,
0.00,
0.00,
0.00,
0.00,
0.00,
0.00,
0.00,
0.00,
0.00,
0.00,
0.00,
0.00,
0.00,
0.00,
0.00,
0.00,
0.00,
0.00,
0.00,
0.00,
0.00,
0.00,
0.00,
0.00,
0.00,
0.00,
0.00,
0.00,
0.00,
0.00,
0.00,
0.00,
0.00,
0.00,
0.00,
0.00,
0.00,
0.00,
0.00,
0.00,
0.00,
0.00,
0.00,
0.00,
0.00,
0.00,
0.00,
0.00,
0.00,
0.00,
0.00,
0.00,
0.00,
0.00,
0.00,
0.00,
0.00,
0.00,
0.00,
0.00,
0.00,
0.00,
0.00,
0.00,
0.00,
0.00,
0.00,
0.00,
0.00,
0.00,
0.00,
0.00,
0.00,
0.00,
0.00,
0.00,
0.00,
0.00,
0.00,
0.00,
0.00,
0.00,
0.00,
0.00,
0.00,
0.00,
0.00,
0.00,
0.00,
0.00,
0.00,
0.00,
0.00,
0.00,
0.00,
0.00,
0.00,
0.00,
0.00,
0.00,
0.00,
0.00,
0.00,
0.00,
0.00,
0.00,
0.00,
0.00,
0.00,
0.00,
0.00,
0.01,
0.03,
0.05,
0.07,
0.09,
0.10,
0.12,
0.14,
0.16,
0.18,
0.19,
0.20,
0.21,
0.22,
0.23,
0.24,
0.25,
0.26,
0.26,
0.28,
0.28,
0.29,
0.31,
0.32,
0.33,
0.35,
0.36,
0.36,
0.37,
0.38,
0.39,
0.40,
0.42,
0.39,
0.41,
0.42,
0.42,
0.42,
0.40,
0.35,
0.22,
0.07,
0.01,
0.00,
0.00,
0.00,
0.00,
0.00,
0.00,
0.00,
0.00,
0.00,
0.00,
0.00,
0.00,
0.00,
0.00,
0.00,
0.00,
0.00,
0.00,
0.00,
0.00,
0.00,
0.00,
0.00,
0.00,
0.00,
0.00,
0.00,
0.00,
0.00,
0.00,
0.00,
0.00,
0.00,
0.00,
0.00,
0.00,
0.00,
0.00,
0.00,
0.00,
0.00,
0.00,
0.00,
0.00,
0.00,
0.00,
0.00,
0.00,
0.00,
0.00,
0.00,
0.00,
0.00,
0.00,
0.00,
0.00,
0.00,
0.00,
0.00,
0.00,
0.00,
0.00,
0.00,
0.00,
0.00,
0.00,
0.00,
0.00,
0.00,
0.00,
0.00,
0.00,
0.00,
0.00,
0.00,
0.00,
0.00,
0.00,
0.00,
0.00,
0.00,
0.00,
0.00,
0.00,
0.00,
0.00,
0.00,
0.00,
0.00,
0.00,
0.00,
0.00,
0.00,
0.00,
0.00,
0.00,
0.00,
0.00,
0.00,
0.00,
0.00,
0.00,
0.00,
0.00,
0.00,
0.00,
0.00,
0.00,
0.00,
0.00,
0.00,
0.00,
0.00,
0.00,
0.00,
0.00,
0.00,
0.00,
0.00,
0.00,
0.00,
0.00,
0.00,
0.00,
0.00,
0.00,
0.00,
0.00,
0.00,
0.00,
0.00,
0.00,
0.00,
0.00,
0.00,
0.00,
0.00,
0.00,
0.00,
0.00,
0.00,
0.00,
0.00,
0.00,
0.00,
0.00,
0.00,
0.00,
0.00,
0.00,
0.00,
0.00,
0.00,
0.00,
0.00,
0.00,
0.00,
0.00,
0.00,
0.00,
0.00,
0.00,
0.00,
]

airflow_100Hz=[
0,
0,
0,
0,
0,
0,
0,
0,
0,
0,
0,
0,
0,
0,
0,
0,
0,
0,
0,
0,
0,
0,
0,
0,
0,
0,
0,
0,
0,
0,
0,
0,
0,
0,
0,
0,
0,
0,
0,
0,
0,
0,
0,
0,
0,
0,
0,
0,
0,
0,
0,
0,
0,
0,
0,
0,
0,
0,
0,
0,
0,
0,
0,
0,
0,
0,
0,
0,
0,
0,
0,
0,
0,
0,
0,
0,
0,
0,
0,
0,
0,
0,
0,
0,
0,
0,
0,
0,
0,
0,
0,
0,
0,
0,
0,
0,
0,
0,
0,
0,
0,
0,
0,
0,
0,
0,
0,
0,
0,
0,
0,
0,
0,
0,
0,
0,
0,
0,
0,
0,
0,
0,
0,
0,
0,
0,
0,
0,
0,
0,
0,
0,
0,
0,
0,
0,
0,
0,
0,
0,
0,
0,
0,
0,
0,
0,
0,
0,
0,
0,
0,
0,
0,
0,
0,
0,
0,
0,
0,
0,
0,
0,
0,
0,
0,
0,
0,
0,
0,
0,
0,
0,
0,
0,
0,
0,
0,
0,
0,
0,
0,
0,
0,
0,
0,
0,
0,
0,
0,
0,
0,
0,
0,
0,
0,
0,
0,
0,
0,
0,
0,
0,
0,
0,
0,
0,
0,
0,
0,
0,
0,
0,
0,
0,
0,
0,
0,
0,
0,
0,
0,
0,
0,
0,
0,
0,
0,
0,
0,
0,
0,
0,
0,
0,
0,
0,
0,
0,
0,
0,
0,
0,
0,
0,
0,
0,
0,
0,
0,
0,
0,
0,
0,
0,
0,
0,
0,
0,
0,
0,
0,
0,
0,
0,
0,
0,
0,
0,
0,
0,
0,
0,
0,
0,
1,
5,
9,
13,
17,
21,
25,
29,
33,
37,
41,
43,
45,
48,
50,
51,
53,
55,
58,
60,
63,
65,
67,
68,
69,
69,
70,
73,
73,
74,
75,
75,
76,
78,
78,
78,
78,
79,
80,
81,
80,
81,
82,
85,
84,
86,
87,
88,
88,
88,
89,
89,
89,
89,
88,
89,
89,
89,
90,
90,
90,
90,
90,
89,
90,
90,
89,
90,
90,
90,
92,
92,
91,
91,
90,
90,
88,
86,
85,
85,
83,
81,
79,
74,
73,
70,
67,
65,
61,
58,
55,
52,
50,
48,
46,
44,
44,
42,
43,
43,
43,
44,
45,
46,
48,
49,
50,
51,
48,
46,
48,
50,
50,
45,
33,
18,
6,
2,
0,
0,
0,
0,
0,
0,
0,
0,
0,
0,
0,
0,
0,
0,
0,
0,
0,
0,
0,
0,
0,
0,
0,
0,
0,
0,
0,
0,
0,
0,
0,
0,
0,
0,
0,
0,
0,
0,
0,
0,
0,
0,
0,
0,
0,
0,
0,
0,
0,
0,
0,
0,
0,
0,
0,
0,
0,
0,
0,
0,
0,
0,
0,
0,
0,
0,
0,
0,
0,
0,
0,
0,
0,
0,
0,
0,
0,
0,
0,
0,
0,
0,
0,
0,
0,
0,
0,
0,
0,
0,
0,
0,
0,
0,
0,
0,
0,
0,
0,
0,
0,
0,
0,
0,
0,
0,
0,
0,
0,
0,
0,
0,
0,
0,
0,
0,
0,
0,
0,
0,
0,
0,
0,
0,
0,
0,
0,
0,
0,
0,
0,
0,
0,
0,
0,
0,
0,
0,
0,
0,
0,
0,
0,
0,
0,
0,
0,
0,
0,
0,
0,
0,
0,
0,
0,
0,
0,
0,
0,
0,
0,
0,
0,
0,
0,
0,
0,
0,
0,
0,
0,
0,
0,
0,
0,
0,
0,
0,
0,
0,
0,
0,
0,
0,
0,
0,
0,
0,
0,
0,
0,
0,
0,
0,
0,
0,
0,
0,
0,
0,
0,
0,
0,
0,
0,
0,
0,
0,
0,
0,
0,
0,
0,
0,
0,
0,
0,
0,
0,
0,
0,
0,
0,
0,
0,
0,
0,
0,
0,
0,
0,
0,
0,
0,
0,
0,
0,
0,
0,
0,
0,
0,
0,
0,
0,
0,
0,
0,
0,
0,
0,
0,
0,
0,
0,
0,
0,
0,
1,
6,
12,
19,
24,
30,
36,
42,
46,
52,
56,
62,
66,
69,
73,
77,
80,
84,
87,
90,
95,
97,
100,
103,
105,
107,
109,
109,
111,
114,
116,
118,
120,
122,
123,
125,
125,
127,
127,
128,
129,
130,
130,
131,
131,
131,
132,
132,
132,
132,
131,
131,
130,
128,
128,
126,
125,
125,
124,
121,
120,
119,
118,
117,
115,
113,
110,
107,
105,
104,
102,
100,
98,
95,
88,
84,
77,
72,
67,
62,
57,
52,
48,
46,
44,
41,
39,
36,
33,
31,
27,
25,
21,
17,
14,
11,
8,
5,
2,
0,
0,
0,
0,
0,
0,
0,
0,
0,
0,
0,
0,
0,
0,
0,
0,
0,
0,
0,
0,
0,
0,
0,
0,
0,
0,
0,
0,
0,
0,
0,
0,
0,
0,
0,
0,
0,
0,
0,
0,
0,
0,
0,
0,
0,
0,
0,
0,
0,
0,
0,
0,
0,
0,
0,
0,
0,
0,
0,
0,
0,
0,
0,
0,
0,
0,
0,
0,
0,
0,
0,
0,
0,
0,
0,
0,
0,
0,
0,
0,
0,
0,
0,
0,
0,
0,
0,
0,
0,
0,
0,
0,
0,
0,
0,
0,
0,
0,
0,
0,
0,
0,
0,
0,
0,
0,
0,
0,
0,
0,
0,
0,
0,
0,
0,
0,
0,
0,
0,
0,
0,
0,
0,
0,
0,
0,
0,
0,
0,
0,
0,
0,
0,
0,
0,
0,
0,
0,
0,
0,
0,
0,
0,
0,
0,
0,
0,
0,
0,
0,
0,
0,
0,
0,
0,
0,
0,
0,
0,
0,
0,
0,
0,
0,
0,
0,
0,
0,
0,
0,
0,
0,
0,
0,
0,
0,
0,
0,
0,
0,
0,
0,
0,
0,
0,
0,
0,
0,
0,
0,
0,
0,
0,
0,
0,
0,
0,
0,
0,
0,
0,
0,
0,
0,
0,
0,
0,
0,
0,
0,
0,
0,
0,
0,
0,
0,
0,
0,
0,
0,
0,
0,
0,
0,
0,
0,
0,
0,
0,
0,
0,
0,
0,
0,
0,
0,
0,
0,
0,
0,
0,
0,
0,
0,
0,
0,
0,
0,
0,
0,
0,
0,
0,
0,
0,
0,
0,
0,
0,
0,
0,
0,
0,
0,
0,
0,
0,
0,
0,
0,
0,
0,
0,
0,
0,
0,
0,
0,
0,
0,
0,
0,
0,
0,
0,
0,
0,
0,
0,
0,
0,
0,
0,
0,
0,
0,
2,
7,
13,
19,
24,
29,
35,
39,
44,
48,
52,
58,
62,
66,
70,
74,
77,
81,
86,
86,
90,
92,
95,
98,
99,
100,
102,
102,
102,
103,
104,
106,
107,
108,
109,
109,
110,
111,
110,
109,
110,
109,
109,
109,
109,
109,
109,
108,
108,
109,
108,
108,
109,
108,
108,
109,
109,
108,
108,
107,
106,
106,
106,
106,
106,
107,
103,
102,
102,
101,
99,
98,
97,
96,
95,
95,
93,
94,
94,
94,
94,
94,
92,
92,
91,
88,
88,
87,
86,
87,
86,
85,
84,
82,
81,
81,
80,
78,
78,
77,
76,
75,
72,
70,
66,
63,
61,
58,
56,
54,
50,
44,
32,
13,
4,
1,
0,
0,
0,
0,
0,
0,
0,
0,
0,
0,
0,
0,
0,
0,
0,
0,
0,
0,
0,
0,
0,
0,
0,
0,
0,
0,
0,
0,
0,
0,
0,
0,
0,
0,
0,
0,
0,
0,
0,
0,
0,
0,
0,
0,
0,
0,
0,
0,
0,
0,
0,
0,
0,
0,
0,
0,
0,
0,
0,
0,
0,
0,
0,
0,
0,
0,
0,
0,
0,
0,
0,
0,
0,
0,
0,
0,
0,
0,
0,
0,
0,
0,
0,
0,
0,
0,
0,
0,
0,
0,
0,
0,
0,
0,
0,
0,
0,
0,
0,
0,
0,
0,
0,
0,
0,
0,
0,
0,
0,
0,
0,
0,
0,
0,
0,
0,
0,
0,
0,
0,
0,
0,
0,
0,
0,
0,
0,
0,
0,
0,
0,
0,
0,
0,
0,
0,
0,
0,
0,
0,
0,
0,
0,
0,
0,
0,
0,
0,
0,
0,
0,
0,
0,
0,
0,
0,
0,
0,
0,
0,
0,
0,
0,
0,
0,
0,
0,
0,
0,
0,
0,
0,
0,
0,
0,
0,
0,
0,
0,
0,
0,
0,
0,
0,
0,
0,
0,
0,
0,
0,
0,
0,
0,
0,
0,
0,
0,
0,
0,
0,
0,
0,
0,
0,
0,
0,
0,
0,
0,
0,
0,
0,
0,
0,
0,
0,
0,
0,
0,
0,
0,
0,
0,
0,
0,
0,
0,
0,
0,
0,
0,
0,
0,
0,
0,
0,
0,
0,
0,
0,
0,
0,
0,
0,
0,
0,
0,
0,
0,
0,
0,
1,
]
